solution number 1
1  0  0  0  0  0  0  0  
0  0  0  0  1  0  0  0  
0  0  0  0  0  0  0  1  
0  0  0  0  0  1  0  0  
0  0  1  0  0  0  0  0  
0  0  0  0  0  0  1  0  
0  1  0  0  0  0  0  0  
0  0  0  1  0  0  0  0  

solution number 2
1  0  0  0  0  0  0  0  
0  0  0  0  0  1  0  0  
0  0  0  0  0  0  0  1  
0  0  1  0  0  0  0  0  
0  0  0  0  0  0  1  0  
0  0  0  1  0  0  0  0  
0  1  0  0  0  0  0  0  
0  0  0  0  1  0  0  0  

solution number 3
1  0  0  0  0  0  0  0  
0  0  0  0  0  0  1  0  
0  0  0  1  0  0  0  0  
0  0  0  0  0  1  0  0  
0  0  0  0  0  0  0  1  
0  1  0  0  0  0  0  0  
0  0  0  0  1  0  0  0  
0  0  1  0  0  0  0  0  

solution number 4
1  0  0  0  0  0  0  0  
0  0  0  0  0  0  1  0  
0  0  0  0  1  0  0  0  
0  0  0  0  0  0  0  1  
0  1  0  0  0  0  0  0  
0  0  0  1  0  0  0  0  
0  0  0  0  0  1  0  0  
0  0  1  0  0  0  0  0  

solution number 5
0  1  0  0  0  0  0  0  
0  0  0  1  0  0  0  0  
0  0  0  0  0  1  0  0  
0  0  0  0  0  0  0  1  
0  0  1  0  0  0  0  0  
1  0  0  0  0  0  0  0  
0  0  0  0  0  0  1  0  
0  0  0  0  1  0  0  0  

solution number 6
0  1  0  0  0  0  0  0  
0  0  0  0  1  0  0  0  
0  0  0  0  0  0  1  0  
1  0  0  0  0  0  0  0  
0  0  1  0  0  0  0  0  
0  0  0  0  0  0  0  1  
0  0  0  0  0  1  0  0  
0  0  0  1  0  0  0  0  

solution number 7
0  1  0  0  0  0  0  0  
0  0  0  0  1  0  0  0  
0  0  0  0  0  0  1  0  
0  0  0  1  0  0  0  0  
1  0  0  0  0  0  0  0  
0  0  0  0  0  0  0  1  
0  0  0  0  0  1  0  0  
0  0  1  0  0  0  0  0  

solution number 8
0  1  0  0  0  0  0  0  
0  0  0  0  0  1  0  0  
1  0  0  0  0  0  0  0  
0  0  0  0  0  0  1  0  
0  0  0  1  0  0  0  0  
0  0  0  0  0  0  0  1  
0  0  1  0  0  0  0  0  
0  0  0  0  1  0  0  0  

solution number 9
0  1  0  0  0  0  0  0  
0  0  0  0  0  1  0  0  
0  0  0  0  0  0  0  1  
0  0  1  0  0  0  0  0  
1  0  0  0  0  0  0  0  
0  0  0  1  0  0  0  0  
0  0  0  0  0  0  1  0  
0  0  0  0  1  0  0  0  

solution number 10
0  1  0  0  0  0  0  0  
0  0  0  0  0  0  1  0  
0  0  1  0  0  0  0  0  
0  0  0  0  0  1  0  0  
0  0  0  0  0  0  0  1  
0  0  0  0  1  0  0  0  
1  0  0  0  0  0  0  0  
0  0  0  1  0  0  0  0  

solution number 11
0  1  0  0  0  0  0  0  
0  0  0  0  0  0  1  0  
0  0  0  0  1  0  0  0  
0  0  0  0  0  0  0  1  
1  0  0  0  0  0  0  0  
0  0  0  1  0  0  0  0  
0  0  0  0  0  1  0  0  
0  0  1  0  0  0  0  0  

solution number 12
0  1  0  0  0  0  0  0  
0  0  0  0  0  0  0  1  
0  0  0  0  0  1  0  0  
1  0  0  0  0  0  0  0  
0  0  1  0  0  0  0  0  
0  0  0  0  1  0  0  0  
0  0  0  0  0  0  1  0  
0  0  0  1  0  0  0  0  

solution number 13
0  0  1  0  0  0  0  0  
1  0  0  0  0  0  0  0  
0  0  0  0  0  0  1  0  
0  0  0  0  1  0  0  0  
0  0  0  0  0  0  0  1  
0  1  0  0  0  0  0  0  
0  0  0  1  0  0  0  0  
0  0  0  0  0  1  0  0  

solution number 14
0  0  1  0  0  0  0  0  
0  0  0  0  1  0  0  0  
0  1  0  0  0  0  0  0  
0  0  0  0  0  0  0  1  
1  0  0  0  0  0  0  0  
0  0  0  0  0  0  1  0  
0  0  0  1  0  0  0  0  
0  0  0  0  0  1  0  0  

solution number 15
0  0  1  0  0  0  0  0  
0  0  0  0  1  0  0  0  
0  1  0  0  0  0  0  0  
0  0  0  0  0  0  0  1  
0  0  0  0  0  1  0  0  
0  0  0  1  0  0  0  0  
0  0  0  0  0  0  1  0  
1  0  0  0  0  0  0  0  

solution number 16
0  0  1  0  0  0  0  0  
0  0  0  0  1  0  0  0  
0  0  0  0  0  0  1  0  
1  0  0  0  0  0  0  0  
0  0  0  1  0  0  0  0  
0  1  0  0  0  0  0  0  
0  0  0  0  0  0  0  1  
0  0  0  0  0  1  0  0  

solution number 17
0  0  1  0  0  0  0  0  
0  0  0  0  1  0  0  0  
0  0  0  0  0  0  0  1  
0  0  0  1  0  0  0  0  
1  0  0  0  0  0  0  0  
0  0  0  0  0  0  1  0  
0  1  0  0  0  0  0  0  
0  0  0  0  0  1  0  0  

solution number 18
0  0  1  0  0  0  0  0  
0  0  0  0  0  1  0  0  
0  1  0  0  0  0  0  0  
0  0  0  0  1  0  0  0  
0  0  0  0  0  0  0  1  
1  0  0  0  0  0  0  0  
0  0  0  0  0  0  1  0  
0  0  0  1  0  0  0  0  

solution number 19
0  0  1  0  0  0  0  0  
0  0  0  0  0  1  0  0  
0  1  0  0  0  0  0  0  
0  0  0  0  0  0  1  0  
1  0  0  0  0  0  0  0  
0  0  0  1  0  0  0  0  
0  0  0  0  0  0  0  1  
0  0  0  0  1  0  0  0  

solution number 20
0  0  1  0  0  0  0  0  
0  0  0  0  0  1  0  0  
0  1  0  0  0  0  0  0  
0  0  0  0  0  0  1  0  
0  0  0  0  1  0  0  0  
1  0  0  0  0  0  0  0  
0  0  0  0  0  0  0  1  
0  0  0  1  0  0  0  0  

solution number 21
0  0  1  0  0  0  0  0  
0  0  0  0  0  1  0  0  
0  0  0  1  0  0  0  0  
1  0  0  0  0  0  0  0  
0  0  0  0  0  0  0  1  
0  0  0  0  1  0  0  0  
0  0  0  0  0  0  1  0  
0  1  0  0  0  0  0  0  

solution number 22
0  0  1  0  0  0  0  0  
0  0  0  0  0  1  0  0  
0  0  0  1  0  0  0  0  
0  1  0  0  0  0  0  0  
0  0  0  0  0  0  0  1  
0  0  0  0  1  0  0  0  
0  0  0  0  0  0  1  0  
1  0  0  0  0  0  0  0  

solution number 23
0  0  1  0  0  0  0  0  
0  0  0  0  0  1  0  0  
0  0  0  0  0  0  0  1  
1  0  0  0  0  0  0  0  
0  0  0  1  0  0  0  0  
0  0  0  0  0  0  1  0  
0  0  0  0  1  0  0  0  
0  1  0  0  0  0  0  0  

solution number 24
0  0  1  0  0  0  0  0  
0  0  0  0  0  1  0  0  
0  0  0  0  0  0  0  1  
1  0  0  0  0  0  0  0  
0  0  0  0  1  0  0  0  
0  0  0  0  0  0  1  0  
0  1  0  0  0  0  0  0  
0  0  0  1  0  0  0  0  

solution number 25
0  0  1  0  0  0  0  0  
0  0  0  0  0  1  0  0  
0  0  0  0  0  0  0  1  
0  1  0  0  0  0  0  0  
0  0  0  1  0  0  0  0  
1  0  0  0  0  0  0  0  
0  0  0  0  0  0  1  0  
0  0  0  0  1  0  0  0  

solution number 26
0  0  1  0  0  0  0  0  
0  0  0  0  0  0  1  0  
0  1  0  0  0  0  0  0  
0  0  0  0  0  0  0  1  
0  0  0  0  1  0  0  0  
1  0  0  0  0  0  0  0  
0  0  0  1  0  0  0  0  
0  0  0  0  0  1  0  0  

solution number 27
0  0  1  0  0  0  0  0  
0  0  0  0  0  0  1  0  
0  1  0  0  0  0  0  0  
0  0  0  0  0  0  0  1  
0  0  0  0  0  1  0  0  
0  0  0  1  0  0  0  0  
1  0  0  0  0  0  0  0  
0  0  0  0  1  0  0  0  

solution number 28
0  0  1  0  0  0  0  0  
0  0  0  0  0  0  0  1  
0  0  0  1  0  0  0  0  
0  0  0  0  0  0  1  0  
1  0  0  0  0  0  0  0  
0  0  0  0  0  1  0  0  
0  1  0  0  0  0  0  0  
0  0  0  0  1  0  0  0  

solution number 29
0  0  0  1  0  0  0  0  
1  0  0  0  0  0  0  0  
0  0  0  0  1  0  0  0  
0  0  0  0  0  0  0  1  
0  1  0  0  0  0  0  0  
0  0  0  0  0  0  1  0  
0  0  1  0  0  0  0  0  
0  0  0  0  0  1  0  0  

solution number 30
0  0  0  1  0  0  0  0  
1  0  0  0  0  0  0  0  
0  0  0  0  1  0  0  0  
0  0  0  0  0  0  0  1  
0  0  0  0  0  1  0  0  
0  0  1  0  0  0  0  0  
0  0  0  0  0  0  1  0  
0  1  0  0  0  0  0  0  

solution number 31
0  0  0  1  0  0  0  0  
0  1  0  0  0  0  0  0  
0  0  0  0  1  0  0  0  
0  0  0  0  0  0  0  1  
0  0  0  0  0  1  0  0  
1  0  0  0  0  0  0  0  
0  0  1  0  0  0  0  0  
0  0  0  0  0  0  1  0  

solution number 32
0  0  0  1  0  0  0  0  
0  1  0  0  0  0  0  0  
0  0  0  0  0  0  1  0  
0  0  1  0  0  0  0  0  
0  0  0  0  0  1  0  0  
0  0  0  0  0  0  0  1  
1  0  0  0  0  0  0  0  
0  0  0  0  1  0  0  0  

solution number 33
0  0  0  1  0  0  0  0  
0  1  0  0  0  0  0  0  
0  0  0  0  0  0  1  0  
0  0  1  0  0  0  0  0  
0  0  0  0  0  1  0  0  
0  0  0  0  0  0  0  1  
0  0  0  0  1  0  0  0  
1  0  0  0  0  0  0  0  

solution number 34
0  0  0  1  0  0  0  0  
0  1  0  0  0  0  0  0  
0  0  0  0  0  0  1  0  
0  0  0  0  1  0  0  0  
1  0  0  0  0  0  0  0  
0  0  0  0  0  0  0  1  
0  0  0  0  0  1  0  0  
0  0  1  0  0  0  0  0  

solution number 35
0  0  0  1  0  0  0  0  
0  1  0  0  0  0  0  0  
0  0  0  0  0  0  0  1  
0  0  0  0  1  0  0  0  
0  0  0  0  0  0  1  0  
1  0  0  0  0  0  0  0  
0  0  1  0  0  0  0  0  
0  0  0  0  0  1  0  0  

solution number 36
0  0  0  1  0  0  0  0  
0  1  0  0  0  0  0  0  
0  0  0  0  0  0  0  1  
0  0  0  0  0  1  0  0  
1  0  0  0  0  0  0  0  
0  0  1  0  0  0  0  0  
0  0  0  0  1  0  0  0  
0  0  0  0  0  0  1  0  

solution number 37
0  0  0  1  0  0  0  0  
0  0  0  0  0  1  0  0  
1  0  0  0  0  0  0  0  
0  0  0  0  1  0  0  0  
0  1  0  0  0  0  0  0  
0  0  0  0  0  0  0  1  
0  0  1  0  0  0  0  0  
0  0  0  0  0  0  1  0  

solution number 38
0  0  0  1  0  0  0  0  
0  0  0  0  0  1  0  0  
0  0  0  0  0  0  0  1  
0  1  0  0  0  0  0  0  
0  0  0  0  0  0  1  0  
1  0  0  0  0  0  0  0  
0  0  1  0  0  0  0  0  
0  0  0  0  1  0  0  0  

solution number 39
0  0  0  1  0  0  0  0  
0  0  0  0  0  1  0  0  
0  0  0  0  0  0  0  1  
0  0  1  0  0  0  0  0  
1  0  0  0  0  0  0  0  
0  0  0  0  0  0  1  0  
0  0  0  0  1  0  0  0  
0  1  0  0  0  0  0  0  

solution number 40
0  0  0  1  0  0  0  0  
0  0  0  0  0  0  1  0  
1  0  0  0  0  0  0  0  
0  0  0  0  0  0  0  1  
0  0  0  0  1  0  0  0  
0  1  0  0  0  0  0  0  
0  0  0  0  0  1  0  0  
0  0  1  0  0  0  0  0  

solution number 41
0  0  0  1  0  0  0  0  
0  0  0  0  0  0  1  0  
0  0  1  0  0  0  0  0  
0  0  0  0  0  0  0  1  
0  1  0  0  0  0  0  0  
0  0  0  0  1  0  0  0  
1  0  0  0  0  0  0  0  
0  0  0  0  0  1  0  0  

solution number 42
0  0  0  1  0  0  0  0  
0  0  0  0  0  0  1  0  
0  0  0  0  1  0  0  0  
0  1  0  0  0  0  0  0  
0  0  0  0  0  1  0  0  
1  0  0  0  0  0  0  0  
0  0  1  0  0  0  0  0  
0  0  0  0  0  0  0  1  

solution number 43
0  0  0  1  0  0  0  0  
0  0  0  0  0  0  1  0  
0  0  0  0  1  0  0  0  
0  0  1  0  0  0  0  0  
1  0  0  0  0  0  0  0  
0  0  0  0  0  1  0  0  
0  0  0  0  0  0  0  1  
0  1  0  0  0  0  0  0  

solution number 44
0  0  0  1  0  0  0  0  
0  0  0  0  0  0  0  1  
1  0  0  0  0  0  0  0  
0  0  1  0  0  0  0  0  
0  0  0  0  0  1  0  0  
0  1  0  0  0  0  0  0  
0  0  0  0  0  0  1  0  
0  0  0  0  1  0  0  0  

solution number 45
0  0  0  1  0  0  0  0  
0  0  0  0  0  0  0  1  
1  0  0  0  0  0  0  0  
0  0  0  0  1  0  0  0  
0  0  0  0  0  0  1  0  
0  1  0  0  0  0  0  0  
0  0  0  0  0  1  0  0  
0  0  1  0  0  0  0  0  

solution number 46
0  0  0  1  0  0  0  0  
0  0  0  0  0  0  0  1  
0  0  0  0  1  0  0  0  
0  0  1  0  0  0  0  0  
1  0  0  0  0  0  0  0  
0  0  0  0  0  0  1  0  
0  1  0  0  0  0  0  0  
0  0  0  0  0  1  0  0  

solution number 47
0  0  0  0  1  0  0  0  
1  0  0  0  0  0  0  0  
0  0  0  1  0  0  0  0  
0  0  0  0  0  1  0  0  
0  0  0  0  0  0  0  1  
0  1  0  0  0  0  0  0  
0  0  0  0  0  0  1  0  
0  0  1  0  0  0  0  0  

solution number 48
0  0  0  0  1  0  0  0  
1  0  0  0  0  0  0  0  
0  0  0  0  0  0  0  1  
0  0  0  1  0  0  0  0  
0  1  0  0  0  0  0  0  
0  0  0  0  0  0  1  0  
0  0  1  0  0  0  0  0  
0  0  0  0  0  1  0  0  

solution number 49
0  0  0  0  1  0  0  0  
1  0  0  0  0  0  0  0  
0  0  0  0  0  0  0  1  
0  0  0  0  0  1  0  0  
0  0  1  0  0  0  0  0  
0  0  0  0  0  0  1  0  
0  1  0  0  0  0  0  0  
0  0  0  1  0  0  0  0  

solution number 50
0  0  0  0  1  0  0  0  
0  1  0  0  0  0  0  0  
0  0  0  1  0  0  0  0  
0  0  0  0  0  1  0  0  
0  0  0  0  0  0  0  1  
0  0  1  0  0  0  0  0  
1  0  0  0  0  0  0  0  
0  0  0  0  0  0  1  0  

solution number 51
0  0  0  0  1  0  0  0  
0  1  0  0  0  0  0  0  
0  0  0  1  0  0  0  0  
0  0  0  0  0  0  1  0  
0  0  1  0  0  0  0  0  
0  0  0  0  0  0  0  1  
0  0  0  0  0  1  0  0  
1  0  0  0  0  0  0  0  

solution number 52
0  0  0  0  1  0  0  0  
0  1  0  0  0  0  0  0  
0  0  0  0  0  1  0  0  
1  0  0  0  0  0  0  0  
0  0  0  0  0  0  1  0  
0  0  0  1  0  0  0  0  
0  0  0  0  0  0  0  1  
0  0  1  0  0  0  0  0  

solution number 53
0  0  0  0  1  0  0  0  
0  1  0  0  0  0  0  0  
0  0  0  0  0  0  0  1  
1  0  0  0  0  0  0  0  
0  0  0  1  0  0  0  0  
0  0  0  0  0  0  1  0  
0  0  1  0  0  0  0  0  
0  0  0  0  0  1  0  0  

solution number 54
0  0  0  0  1  0  0  0  
0  0  1  0  0  0  0  0  
1  0  0  0  0  0  0  0  
0  0  0  0  0  1  0  0  
0  0  0  0  0  0  0  1  
0  1  0  0  0  0  0  0  
0  0  0  1  0  0  0  0  
0  0  0  0  0  0  1  0  

solution number 55
0  0  0  0  1  0  0  0  
0  0  1  0  0  0  0  0  
1  0  0  0  0  0  0  0  
0  0  0  0  0  0  1  0  
0  1  0  0  0  0  0  0  
0  0  0  0  0  0  0  1  
0  0  0  0  0  1  0  0  
0  0  0  1  0  0  0  0  

solution number 56
0  0  0  0  1  0  0  0  
0  0  1  0  0  0  0  0  
0  0  0  0  0  0  0  1  
0  0  0  1  0  0  0  0  
0  0  0  0  0  0  1  0  
1  0  0  0  0  0  0  0  
0  0  0  0  0  1  0  0  
0  1  0  0  0  0  0  0  

solution number 57
0  0  0  0  1  0  0  0  
0  0  0  0  0  0  1  0  
1  0  0  0  0  0  0  0  
0  0  1  0  0  0  0  0  
0  0  0  0  0  0  0  1  
0  0  0  0  0  1  0  0  
0  0  0  1  0  0  0  0  
0  1  0  0  0  0  0  0  

solution number 58
0  0  0  0  1  0  0  0  
0  0  0  0  0  0  1  0  
1  0  0  0  0  0  0  0  
0  0  0  1  0  0  0  0  
0  1  0  0  0  0  0  0  
0  0  0  0  0  0  0  1  
0  0  0  0  0  1  0  0  
0  0  1  0  0  0  0  0  

solution number 59
0  0  0  0  1  0  0  0  
0  0  0  0  0  0  1  0  
0  1  0  0  0  0  0  0  
0  0  0  1  0  0  0  0  
0  0  0  0  0  0  0  1  
1  0  0  0  0  0  0  0  
0  0  1  0  0  0  0  0  
0  0  0  0  0  1  0  0  

solution number 60
0  0  0  0  1  0  0  0  
0  0  0  0  0  0  1  0  
0  1  0  0  0  0  0  0  
0  0  0  0  0  1  0  0  
0  0  1  0  0  0  0  0  
1  0  0  0  0  0  0  0  
0  0  0  1  0  0  0  0  
0  0  0  0  0  0  0  1  

solution number 61
0  0  0  0  1  0  0  0  
0  0  0  0  0  0  1  0  
0  1  0  0  0  0  0  0  
0  0  0  0  0  1  0  0  
0  0  1  0  0  0  0  0  
1  0  0  0  0  0  0  0  
0  0  0  0  0  0  0  1  
0  0  0  1  0  0  0  0  

solution number 62
0  0  0  0  1  0  0  0  
0  0  0  0  0  0  1  0  
0  0  0  1  0  0  0  0  
1  0  0  0  0  0  0  0  
0  0  1  0  0  0  0  0  
0  0  0  0  0  0  0  1  
0  0  0  0  0  1  0  0  
0  1  0  0  0  0  0  0  

solution number 63
0  0  0  0  1  0  0  0  
0  0  0  0  0  0  0  1  
0  0  0  1  0  0  0  0  
1  0  0  0  0  0  0  0  
0  0  1  0  0  0  0  0  
0  0  0  0  0  1  0  0  
0  1  0  0  0  0  0  0  
0  0  0  0  0  0  1  0  

solution number 64
0  0  0  0  1  0  0  0  
0  0  0  0  0  0  0  1  
0  0  0  1  0  0  0  0  
1  0  0  0  0  0  0  0  
0  0  0  0  0  0  1  0  
0  1  0  0  0  0  0  0  
0  0  0  0  0  1  0  0  
0  0  1  0  0  0  0  0  

solution number 65
0  0  0  0  0  1  0  0  
1  0  0  0  0  0  0  0  
0  0  0  0  1  0  0  0  
0  1  0  0  0  0  0  0  
0  0  0  0  0  0  0  1  
0  0  1  0  0  0  0  0  
0  0  0  0  0  0  1  0  
0  0  0  1  0  0  0  0  

solution number 66
0  0  0  0  0  1  0  0  
0  1  0  0  0  0  0  0  
0  0  0  0  0  0  1  0  
1  0  0  0  0  0  0  0  
0  0  1  0  0  0  0  0  
0  0  0  0  1  0  0  0  
0  0  0  0  0  0  0  1  
0  0  0  1  0  0  0  0  

solution number 67
0  0  0  0  0  1  0  0  
0  1  0  0  0  0  0  0  
0  0  0  0  0  0  1  0  
1  0  0  0  0  0  0  0  
0  0  0  1  0  0  0  0  
0  0  0  0  0  0  0  1  
0  0  0  0  1  0  0  0  
0  0  1  0  0  0  0  0  

solution number 68
0  0  0  0  0  1  0  0  
0  0  1  0  0  0  0  0  
1  0  0  0  0  0  0  0  
0  0  0  0  0  0  1  0  
0  0  0  0  1  0  0  0  
0  0  0  0  0  0  0  1  
0  1  0  0  0  0  0  0  
0  0  0  1  0  0  0  0  

solution number 69
0  0  0  0  0  1  0  0  
0  0  1  0  0  0  0  0  
1  0  0  0  0  0  0  0  
0  0  0  0  0  0  0  1  
0  0  0  1  0  0  0  0  
0  1  0  0  0  0  0  0  
0  0  0  0  0  0  1  0  
0  0  0  0  1  0  0  0  

solution number 70
0  0  0  0  0  1  0  0  
0  0  1  0  0  0  0  0  
1  0  0  0  0  0  0  0  
0  0  0  0  0  0  0  1  
0  0  0  0  1  0  0  0  
0  1  0  0  0  0  0  0  
0  0  0  1  0  0  0  0  
0  0  0  0  0  0  1  0  

solution number 71
0  0  0  0  0  1  0  0  
0  0  1  0  0  0  0  0  
0  0  0  0  1  0  0  0  
0  0  0  0  0  0  1  0  
1  0  0  0  0  0  0  0  
0  0  0  1  0  0  0  0  
0  1  0  0  0  0  0  0  
0  0  0  0  0  0  0  1  

solution number 72
0  0  0  0  0  1  0  0  
0  0  1  0  0  0  0  0  
0  0  0  0  1  0  0  0  
0  0  0  0  0  0  0  1  
1  0  0  0  0  0  0  0  
0  0  0  1  0  0  0  0  
0  1  0  0  0  0  0  0  
0  0  0  0  0  0  1  0  

solution number 73
0  0  0  0  0  1  0  0  
0  0  1  0  0  0  0  0  
0  0  0  0  0  0  1  0  
0  1  0  0  0  0  0  0  
0  0  0  1  0  0  0  0  
0  0  0  0  0  0  0  1  
1  0  0  0  0  0  0  0  
0  0  0  0  1  0  0  0  

solution number 74
0  0  0  0  0  1  0  0  
0  0  1  0  0  0  0  0  
0  0  0  0  0  0  1  0  
0  1  0  0  0  0  0  0  
0  0  0  0  0  0  0  1  
0  0  0  0  1  0  0  0  
1  0  0  0  0  0  0  0  
0  0  0  1  0  0  0  0  

solution number 75
0  0  0  0  0  1  0  0  
0  0  1  0  0  0  0  0  
0  0  0  0  0  0  1  0  
0  0  0  1  0  0  0  0  
1  0  0  0  0  0  0  0  
0  0  0  0  0  0  0  1  
0  1  0  0  0  0  0  0  
0  0  0  0  1  0  0  0  

solution number 76
0  0  0  0  0  1  0  0  
0  0  0  1  0  0  0  0  
1  0  0  0  0  0  0  0  
0  0  0  0  1  0  0  0  
0  0  0  0  0  0  0  1  
0  1  0  0  0  0  0  0  
0  0  0  0  0  0  1  0  
0  0  1  0  0  0  0  0  

solution number 77
0  0  0  0  0  1  0  0  
0  0  0  1  0  0  0  0  
0  1  0  0  0  0  0  0  
0  0  0  0  0  0  0  1  
0  0  0  0  1  0  0  0  
0  0  0  0  0  0  1  0  
1  0  0  0  0  0  0  0  
0  0  1  0  0  0  0  0  

solution number 78
0  0  0  0  0  1  0  0  
0  0  0  1  0  0  0  0  
0  0  0  0  0  0  1  0  
1  0  0  0  0  0  0  0  
0  0  1  0  0  0  0  0  
0  0  0  0  1  0  0  0  
0  1  0  0  0  0  0  0  
0  0  0  0  0  0  0  1  

solution number 79
0  0  0  0  0  1  0  0  
0  0  0  1  0  0  0  0  
0  0  0  0  0  0  1  0  
1  0  0  0  0  0  0  0  
0  0  0  0  0  0  0  1  
0  1  0  0  0  0  0  0  
0  0  0  0  1  0  0  0  
0  0  1  0  0  0  0  0  

solution number 80
0  0  0  0  0  1  0  0  
0  0  0  0  0  0  0  1  
0  1  0  0  0  0  0  0  
0  0  0  1  0  0  0  0  
1  0  0  0  0  0  0  0  
0  0  0  0  0  0  1  0  
0  0  0  0  1  0  0  0  
0  0  1  0  0  0  0  0  

solution number 81
0  0  0  0  0  0  1  0  
1  0  0  0  0  0  0  0  
0  0  1  0  0  0  0  0  
0  0  0  0  0  0  0  1  
0  0  0  0  0  1  0  0  
0  0  0  1  0  0  0  0  
0  1  0  0  0  0  0  0  
0  0  0  0  1  0  0  0  

solution number 82
0  0  0  0  0  0  1  0  
0  1  0  0  0  0  0  0  
0  0  0  1  0  0  0  0  
1  0  0  0  0  0  0  0  
0  0  0  0  0  0  0  1  
0  0  0  0  1  0  0  0  
0  0  1  0  0  0  0  0  
0  0  0  0  0  1  0  0  

solution number 83
0  0  0  0  0  0  1  0  
0  1  0  0  0  0  0  0  
0  0  0  0  0  1  0  0  
0  0  1  0  0  0  0  0  
1  0  0  0  0  0  0  0  
0  0  0  1  0  0  0  0  
0  0  0  0  0  0  0  1  
0  0  0  0  1  0  0  0  

solution number 84
0  0  0  0  0  0  1  0  
0  0  1  0  0  0  0  0  
1  0  0  0  0  0  0  0  
0  0  0  0  0  1  0  0  
0  0  0  0  0  0  0  1  
0  0  0  0  1  0  0  0  
0  1  0  0  0  0  0  0  
0  0  0  1  0  0  0  0  

solution number 85
0  0  0  0  0  0  1  0  
0  0  1  0  0  0  0  0  
0  0  0  0  0  0  0  1  
0  1  0  0  0  0  0  0  
0  0  0  0  1  0  0  0  
1  0  0  0  0  0  0  0  
0  0  0  0  0  1  0  0  
0  0  0  1  0  0  0  0  

solution number 86
0  0  0  0  0  0  1  0  
0  0  0  1  0  0  0  0  
0  1  0  0  0  0  0  0  
0  0  0  0  1  0  0  0  
0  0  0  0  0  0  0  1  
1  0  0  0  0  0  0  0  
0  0  1  0  0  0  0  0  
0  0  0  0  0  1  0  0  

solution number 87
0  0  0  0  0  0  1  0  
0  0  0  1  0  0  0  0  
0  1  0  0  0  0  0  0  
0  0  0  0  0  0  0  1  
0  0  0  0  0  1  0  0  
1  0  0  0  0  0  0  0  
0  0  1  0  0  0  0  0  
0  0  0  0  1  0  0  0  

solution number 88
0  0  0  0  0  0  1  0  
0  0  0  0  1  0  0  0  
0  0  1  0  0  0  0  0  
1  0  0  0  0  0  0  0  
0  0  0  0  0  1  0  0  
0  0  0  0  0  0  0  1  
0  1  0  0  0  0  0  0  
0  0  0  1  0  0  0  0  

solution number 89
0  0  0  0  0  0  0  1  
0  1  0  0  0  0  0  0  
0  0  0  1  0  0  0  0  
1  0  0  0  0  0  0  0  
0  0  0  0  0  0  1  0  
0  0  0  0  1  0  0  0  
0  0  1  0  0  0  0  0  
0  0  0  0  0  1  0  0  

solution number 90
0  0  0  0  0  0  0  1  
0  1  0  0  0  0  0  0  
0  0  0  0  1  0  0  0  
0  0  1  0  0  0  0  0  
1  0  0  0  0  0  0  0  
0  0  0  0  0  0  1  0  
0  0  0  1  0  0  0  0  
0  0  0  0  0  1  0  0  

solution number 91
0  0  0  0  0  0  0  1  
0  0  1  0  0  0  0  0  
1  0  0  0  0  0  0  0  
0  0  0  0  0  1  0  0  
0  1  0  0  0  0  0  0  
0  0  0  0  1  0  0  0  
0  0  0  0  0  0  1  0  
0  0  0  1  0  0  0  0  

solution number 92
0  0  0  0  0  0  0  1  
0  0  0  1  0  0  0  0  
1  0  0  0  0  0  0  0  
0  0  1  0  0  0  0  0  
0  0  0  0  0  1  0  0  
0  1  0  0  0  0  0  0  
0  0  0  0  0  0  1  0  
0  0  0  0  1  0  0  0  

